{
 "cells": [
  {
   "cell_type": "code",
   "execution_count": 1,
   "metadata": {},
   "outputs": [],
   "source": [
    "import pandas as pd\n",
    "\n",
    "melb_data = pd.read_csv('data/melb_data_ps.csv', sep=',')\n",
    "melb_df = melb_data.copy()"
   ]
  },
  {
   "cell_type": "code",
   "execution_count": 2,
   "metadata": {},
   "outputs": [
    {
     "data": {
      "text/plain": [
       "0         3/12/2016\n",
       "1         4/02/2016\n",
       "2         4/03/2017\n",
       "3         4/03/2017\n",
       "4         4/06/2016\n",
       "            ...    \n",
       "13575    26/08/2017\n",
       "13576    26/08/2017\n",
       "13577    26/08/2017\n",
       "13578    26/08/2017\n",
       "13579    26/08/2017\n",
       "Name: Date, Length: 13580, dtype: object"
      ]
     },
     "metadata": {},
     "output_type": "display_data"
    }
   ],
   "source": [
    "display(melb_df['Date'])"
   ]
  },
  {
   "cell_type": "code",
   "execution_count": 3,
   "metadata": {},
   "outputs": [
    {
     "data": {
      "text/plain": [
       "0       2016-12-03\n",
       "1       2016-02-04\n",
       "2       2017-03-04\n",
       "3       2017-03-04\n",
       "4       2016-06-04\n",
       "           ...    \n",
       "13575   2017-08-26\n",
       "13576   2017-08-26\n",
       "13577   2017-08-26\n",
       "13578   2017-08-26\n",
       "13579   2017-08-26\n",
       "Name: Date, Length: 13580, dtype: datetime64[ns]"
      ]
     },
     "metadata": {},
     "output_type": "display_data"
    }
   ],
   "source": [
    "melb_df['Date'] = pd.to_datetime(melb_df['Date'], dayfirst=True)\n",
    "display(melb_df['Date'])"
   ]
  },
  {
   "cell_type": "code",
   "execution_count": 4,
   "metadata": {},
   "outputs": [
    {
     "name": "stdout",
     "output_type": "stream",
     "text": [
      "0        2016\n",
      "1        2016\n",
      "2        2017\n",
      "3        2017\n",
      "4        2016\n",
      "         ... \n",
      "13575    2017\n",
      "13576    2017\n",
      "13577    2017\n",
      "13578    2017\n",
      "13579    2017\n",
      "Name: Date, Length: 13580, dtype: int32\n",
      "Min year sold: 2016\n",
      "Max year sold: 2017\n",
      "Mode year sold: 2017\n"
     ]
    }
   ],
   "source": [
    "years_sold = melb_df['Date'].dt.year\n",
    "print(years_sold)\n",
    "print('Min year sold:', years_sold.min())\n",
    "print('Max year sold:', years_sold.max())\n",
    "print('Mode year sold:', years_sold.mode()[0])"
   ]
  }
 ],
 "metadata": {
  "kernelspec": {
   "display_name": "Python 3",
   "language": "python",
   "name": "python3"
  },
  "language_info": {
   "codemirror_mode": {
    "name": "ipython",
    "version": 3
   },
   "file_extension": ".py",
   "mimetype": "text/x-python",
   "name": "python",
   "nbconvert_exporter": "python",
   "pygments_lexer": "ipython3",
   "version": "3.10.11"
  },
  "orig_nbformat": 4
 },
 "nbformat": 4,
 "nbformat_minor": 2
}
